4
24 253
315 253
315 256
24 256
169 254
4
85 181
273 181
273 184
85 184
179 182
4
86 102
273 102
273 105
86 105
179 103
4
182 186
187 186
187 253
182 253
184 219
4
144 106
146 106
146 180
144 180
145 143
4
83 102
85 102
85 193
83 193
84 147
4
22 67
107 67
107 69
22 69
64 68
4
23 194
99 194
99 196
23 196
61 195
4
96 195
99 195
99 224
96 224
97 209
4
103 224
105 224
105 253
103 253
104 238
4
97 223
105 223
105 225
97 225
101 225
4
182 255
187 255
187 363
182 363
184 309
4
108 45
110 45
110 102
108 102
109 73
4
110 45
269 45
269 47
110 47
189 46
4
270 34
273 34
273 253
270 253
271 143
4
187 361
298 361
298 364
187 364
242 362
4
22 34
25 34
25 364
22 364
23 199
4
22 34
269 34
269 36
22 36
291 35
4
313 253
316 253
316 326
313 326
314 289
4
58 255
60 255
60 363
58 363
59 309
4
295 323
315 323
315 325
295 325
305 324
4
295 323
298 323
298 422
295 422
296 372
4
22 361
187 361
187 364
22 364
104 362
4
184 103
186 103
186 181
184 181
185 142
4
83 138
273 138
273 140
83 140
178 139
0
