1 11 7 11
7 11 7 1
7 1 9 1 
9 1 11 3
11 3 11 7 
11 7 14 10
14 10 35 10
35 10 38 13
38 13 38 15
38 15 36 17
36 11 35 12
35 12 35 14
35 14 38 14
36 17 27 17
27 17 27 18
27 18 26 19
26 19 23 19
23 19 23 16
23 16 26 16
26 16 27 17
23 17 10 17
10 17 7 14
7 14 7 13
7 13 3 13
3 13 1 11
13 13 14 13
14 13 14 14
14 14 13 14
13 14 13 13
17 13 18 13
18 13 18 14
18 14 17 14
17 14 17 13
21 13 22 13
22 13 22 14
22 14 21 14
21 14 21 13
25 13 26 13
26 13 26 14
26 14 25 14
25 14 25 13
29 13 30 13
30 13 30 14
30 14 29 14
29 14 29 13