5
123 164
485 164
485 590
123 590
123 164
5
123 164
485 164
485 590
123 590
123 164
5
107 223
177 223
177 243
107 243
107 223
5
107 195
177 195
177 215
107 215
107 195
4
193 195
263 195
263 215
193 215
4
193 223
263 223
263 243
193 243
17
84 218
80 222
76 227
70 226
64 226
60 222
56 218
56 212
56 206
60 202
64 198
70 198
76 198
80 202
85 206
84 212
84 218
16
173 161
170 165
166 169
161 168
156 168
152 165
149 161
149 156
149 151
152 147
156 144
161 144
166 144
170 147
174 151
173 156
17
173 127
170 131
166 134
161 134
156 134
152 131
149 127
149 122
149 117
152 113
156 110
161 110
166 110
170 113
174 117
173 122
173 127
8
193 117
193 127
200 134
225 134
229 131
229 122
225 117
193 117
7
197 161
193 151
200 144
225 144
229 147
229 156
225 161
5
232 117
232 161
255 161
255 117
232 117
4
232 164
232 180
255 180
255 164
5
90 113
90 137
128 137
128 113
90 113
11
90 142
90 171
97 171
97 164
107 164
107 171
115 171
115 164
128 164
128 142
90 142
5
115 66
115 95
145 95
145 66
115 66
11
149 95
173 95
173 57
170 57
170 53
166 53
166 50
145 50
143 53
143 61
149 61
20
197 66
197 59
205 53
212 53
212 57
221 57
225 61
225 66
229 70
232 70
232 79
229 79
229 88
225 93
217 93
217 91
208 91
202 86
202 79
197 79
4
236 53
236 96
266 96
266 53
6
278 75
276 88
296 90
297 85
350 91
350 82
4
301 91
298 118
310 119
313 92
4
317 93
314 120
342 122
345 96
4
282 122
281 130
342 136
343 128
4
281 158
279 171
334 176
335 163
4
282 136
281 151
329 155
330 140
6
281 176
281 182
303 184
331 184
331 179
303 179
4
350 104
349 113
356 115
357 104
4
279 187
279 200
326 200
326 187
8
292 204
292 218
306 218
306 215
320 215
320 218
326 218
326 204
4
279 224
279 248
306 248
306 224
6
317 222
317 249
326 249
326 236
329 236
329 222
6
318 252
318 258
323 258
323 260
330 260
330 252
12
241 260
241 277
251 277
251 274
288 274
288 277
292 277
292 274
310 274
310 263
251 263
251 260
6
241 284
241 308
256 308
256 300
275 300
275 284
4
279 284
279 300
313 300
313 284
4
279 306
279 321
311 321
311 306
4
249 321
276 321
276 308
249 308
9
278 326
286 326
286 334
288 334
288 342
291 342
291 347
286 351
278 351
6
254 325
254 336
264 336
264 346
274 346
274 325
4
218 317
218 328
233 328
233 317
16
217 336
241 336
241 339
247 339
247 342
251 342
251 353
244 353
244 361
214 361
214 353
207 353
207 342
211 342
211 339
217 339
17
127 335
151 335
151 338
157 338
157 341
161 341
161 352
154 352
154 360
124 360
124 352
117 352
117 341
121 341
121 338
127 338
127 335
7
193 368
193 376
197 376
199 378
201 376
214 376
214 368
7
176 368
176 376
172 376
170 378
168 376
155 376
155 368
4
147 265
147 277
180 277
180 265
4
200 265
200 277
233 277
233 265
5
64 234
64 247
101 247
101 234
64 234
5
28 218
28 228
52 228
52 218
28 218
21
88 299
88 307
75 307
75 311
114 311
114 307
124 307
124 303
129 303
129 322
104 322
104 326
128 326
128 335
72 335
72 326
101 326
101 322
64 322
64 299
88 299
13
91 295
91 303
129 303
129 262
95 262
92 258
80 258
80 288
90 288
91 291
121 291
121 295
91 295
8
78 258
69 258
69 262
62 262
62 272
66 272
66 288
78 288
4
42 308
42 333
54 333
54 308
5
28 295
28 303
56 303
56 295
28 295
7
37 285
31 290
37 294
42 292
46 292
46 288
42 288
5
26 274
26 284
57 284
57 274
26 274
5
33 260
33 272
56 272
56 260
33 260
13
31 163
31 193
56 193
56 189
67 189
67 193
78 193
78 176
67 176
67 182
57 182
57 163
31 163
5
31 133
31 161
80 161
80 133
31 133
13
47 115
47 118
34 118
34 122
49 122
49 130
73 130
73 125
76 125
76 120
73 120
73 115
47 115
15
34 96
34 106
49 106
49 111
80 111
80 102
73 102
73 92
69 92
69 102
55 102
55 92
50 92
50 96
34 96
5
40 82
40 92
88 92
88 82
40 82
5
50 71
50 79
100 79
100 71
50 71
9
50 57
50 66
100 66
100 57
94 57
98 44
83 44
87 57
50 57
4
278 38
278 64
288 64
288 39
6
291 31
292 65
306 66
306 46
310 46
310 32
4
286 26
310 26
310 0
286 0
4
149 312
175 312
175 283
149 283
4
193 283
193 310
226 310
226 283
6
175 173
179 169
191 169
195 173
191 177
179 177
12
188 141
186 142
185 143
183 142
181 141
181 139
181 137
183 136
185 135
186 136
188 137
188 139
4
176 350
176 376
193 376
193 350
4
210 164
210 180
230 180
230 164
4
152 173
152 179
169 179
169 173
4
275 205
275 220
289 220
289 205
4
41 205
41 214
51 214
51 205
5
108 244
108 252
163 252
163 244
108 244
4
205 244
205 252
265 252
265 244
6
224 367
224 390
247 394
267 399
275 402
275 367
6
139 367
139 387
108 394
87 402
60 413
60 367
4
279 374
279 402
292 408
292 376
6
176 58
176 96
182 101
188 101
195 96
195 58
6
181 49
176 54
195 54
191 49
191 35
181 35
