5
25 253
312 253
312 256
25 256
25 253
0 0
5
86 181
269 181
269 184
86 184
86 181
0 0
4
86 102
269 102
269 105
86 105
0 0
4
182 186
187 186
187 253
182 253
0 0
4
256 137
270 137
270 139
256 139
0 0
4
86 138
144 138
144 140
86 140
0 0
4
144 106
145 106
145 180
144 180
0 0
4
83 102
85 102
85 193
83 193
0 0
5
26 67
107 67
107 69
26 69
26 67
0 0
5
25 194
99 194
99 196
25 196
25 194
0 0
4
96 196
99 196
99 224
96 224
0 0
5
103 225
105 225
105 253
103 253
103 225
0 0
4
100 223
105 223
105 224
100 224
0 0
4
182 257
187 257
187 348
182 348
0 0
5
108 45
110 45
110 102
108 102
108 45
0 0
5
110 45
269 45
269 47
110 47
110 45
0 0
5
270 34
273 34
273 253
270 253
270 34
0 0
4
194 361
282 361
282 364
194 364
0 0
4
184 145
185 145
185 167
184 167
0 0
5
22 63
25 63
25 326
22 326
22 63
0 0
5
48 34
269 34
269 36
48 36
48 34
0 0
5
313 253
316 253
316 326
313 326
313 253
0 0
4
18 338
47 338
47 340
18 340
0 0
4
41 356
65 356
65 358
41 358
0 0
4
58 257
60 257
60 357
58 357
0 0
4
295 323
312 323
312 325
295 325
0 0
4
295 326
298 326
298 422
295 422
0 0
4
288 353
290 353
290 365
288 365
0 0
4
19 53
36 53
36 55
19 55
0 0
5
31 39
48 39
48 42
31 42
31 39
0 0
5
66 361
175 361
175 364
66 364
66 361
0 0
5
184 106
185 106
185 133
184 133
184 106
0 0
4
189 138
230 138
230 139
189 139
0 0
4
146 138
179 138
179 139
146 139
0 0
0
