4
149 312
175 312
175 283
149 283
0 0
4
193 283
193 310
226 310
226 283
0 0
6
175 173
179 169
191 169
195 173
191 177
179 177
0 0
12
188 141
186 142
185 143
183 142
181 141
181 139
181 137
183 136
185 135
186 136
188 137
188 139
0 0
4
176 350
176 376
193 376
193 350
0 0
4
210 164
210 180
230 180
230 164
0 0
4
152 173
152 179
169 179
169 173
0 0
4
275 205
275 220
289 220
289 205
0 0
4
41 205
41 214
51 214
51 205
0 0
5
108 244
108 252
163 252
163 244
108 244
0 0
4
205 244
205 252
265 252
265 244
0 0
6
224 367
224 390
247 394
267 399
275 402
275 367
0 0
6
139 367
139 387
108 394
87 402
60 413
60 367
0 0
4
279 374
279 402
292 408
292 376
0 0
6
176 58
176 96
182 101
188 101
195 96
195 58
0 0
6
181 49
176 54
195 54
191 49
191 35
181 35
0 0